<?xml version="1.0"?>
<opencv_storage>
<TransformationMatrix type_id="opencv-matrix">
  <rows>4</rows>
  <cols>4</cols>
  <dt>d</dt>
  <data>
    -9.9925563728197175e-01 -2.7428472718256904e-02  2.7126559762424587e-02 -5.5489494739078371e-01
	 3.5612733174255104e-02 -3.8558135663833454e-01  9.2198630719159902e-01  9.9333805157990684e-01
	-1.4829180559284661e-02  9.2226606589274773e-01  3.8627114713197908e-01  3.4237564920943448e+00 
	0. 0. 0. 1.</data></TransformationMatrix>
<ProjectionMatrix type_id="opencv-matrix">
  <rows>3</rows>
  <cols>4</cols>
  <dt>d</dt>
  <data>
    7.6774701428854041e+02 0. 4.1275976323752963e+02 0. 0.
    7.5786196376239582e+02 2.9186515886361138e+02 0. 0. 0. 1. 0.</data></ProjectionMatrix>
<width>800</width>
<height>600</height>
</opencv_storage>
