<?xml version="1.0"?>
<opencv_storage>
<TransformationMatrix type_id="opencv-matrix">
  <rows>4</rows>
  <cols>4</cols>
  <dt>d</dt>
  <data>
    -8.4903372078076622e-01 -3.4781548729446082e-01 -3.9770105327404465e-01 -6.8874486757923448e-01
     1.0433908082463521e-01 -8.4829578541541850e-01  5.1914122997418388e-01  1.3897040215631546e+00
    -5.1793348722576138e-01  3.9927264775408167e-01  7.5652247525477156e-01  3.9846247497776517e+00
	0. 0. 0. 1.</data></TransformationMatrix>
<ProjectionMatrix type_id="opencv-matrix">
  <rows>3</rows>
  <cols>4</cols>
  <dt>d</dt>
  <data>
    7.6774701428854041e+02 0. 4.1275976323752963e+02 0. 0.
    7.5786196376239582e+02 2.9186515886361138e+02 0. 0. 0. 1. 0.</data></ProjectionMatrix>
<width>800</width>
<height>600</height>
</opencv_storage>
