<?xml version="1.0"?>
<opencv_storage>
<TransformationMatrix type_id="opencv-matrix">
  <rows>4</rows>
  <cols>4</cols>
  <dt>d</dt>
  <data>
    8.5880693522628260e-01 -2.4809565398987715e-01
    -4.4821779803860395e-01 -1.0089945306818420e+00
    1.8312973163344656e-01 9.6577568912907208e-01
    -1.8368674334074203e-01 1.8188172744293745e+00
    4.7844973549904013e-01 7.5669444022015558e-02 8.7484855023158015e-01
    4.8613694208550227e+00 0. 0. 0. 1.</data></TransformationMatrix>
<ProjectionMatrix type_id="opencv-matrix">
  <rows>3</rows>
  <cols>4</cols>
  <dt>d</dt>
  <data>
    7.6774701428854041e+02 0. 4.1275976323752963e+02 0. 0.
    7.5786196376239582e+02 2.9186515886361138e+02 0. 0. 0. 1. 0.</data></ProjectionMatrix>
<width>800</width>
<height>600</height>
</opencv_storage>
