<?xml version="1.0"?>
<opencv_storage>
<TransformationMatrix type_id="opencv-matrix">
  <rows>4</rows>
  <cols>4</cols>
  <dt>d</dt>
  <data>
    9.7064945987650364e-01 -2.1539201976971378e-01
    1.0698553108236172e-01 -1.0943077080517531e+00
    2.3048963352001173e-01 7.0614057640352401e-01
    -6.6950729286267663e-01 9.8778893570784954e-01
    6.8659703474909128e-02 6.7451594805165449e-01 7.3506059678281976e-01
    6.4382347170423380e+00 0. 0. 0. 1.</data></TransformationMatrix>
<ProjectionMatrix type_id="opencv-matrix">
  <rows>3</rows>
  <cols>4</cols>
  <dt>d</dt>
  <data>
    7.6774701428854041e+02 0. 4.1275976323752963e+02 0. 0.
    7.5786196376239582e+02 2.9186515886361138e+02 0. 0. 0. 1. 0.</data></ProjectionMatrix>
<width>800</width>
<height>600</height>
</opencv_storage>
