<?xml version="1.0"?>
<opencv_storage>
<TransformationMatrix type_id="opencv-matrix">
  <rows>4</rows>
  <cols>4</cols>
  <dt>d</dt>
  <data>
    9.0507813207387600e-01 -5.3295523089796015e-02
    4.2189235838096001e-01 -7.9891821265463703e-01
    2.5906532916918346e-01 8.5585794519231695e-01
    -4.4765202208149124e-01 1.9037710144350786e+00
    -3.3722207825723105e-01 5.1445773866253608e-01
    7.8842533258774972e-01 6.0813706352729451e+00 0. 0. 0. 1.</data></TransformationMatrix>
<ProjectionMatrix type_id="opencv-matrix">
  <rows>3</rows>
  <cols>4</cols>
  <dt>d</dt>
  <data>
    7.6774701428854041e+02 0. 4.1275976323752963e+02 0. 0.
    7.5786196376239582e+02 2.9186515886361138e+02 0. 0. 0. 1. 0.</data></ProjectionMatrix>
<width>800</width>
<height>600</height>
</opencv_storage>
