<?xml version="1.0"?>
<opencv_storage>
<TransformationMatrix type_id="opencv-matrix">
  <rows>4</rows>
  <cols>4</cols>
  <dt>d</dt>
  <data>
     2.8603191946824633e-02 -9.6261491647860875e-01  2.6935920252208634e-01  1.5425606725025819e+00 
     6.0190771326046721e-01  2.3172540898490596e-01  7.6420575733786067e-01 -4.2934360263153479e-01 
    -7.9805323264053518e-01  1.4027065767172886e-01  5.8603342948020665e-01  3.8040920091663210e+00
    0. 0. 0. 1.</data></TransformationMatrix>
<ProjectionMatrix type_id="opencv-matrix">
  <rows>3</rows>
  <cols>4</cols>
  <dt>d</dt>
  <data>
    7.6774701428854041e+02 0. 4.1275976323752963e+02 0. 0.
    7.5786196376239582e+02 2.9186515886361138e+02 0. 0. 0. 1. 0.</data></ProjectionMatrix>
<width>800</width>
<height>600</height>
</opencv_storage>
