<?xml version="1.0"?>
<opencv_storage>
<TransformationMatrix type_id="opencv-matrix">
  <rows>4</rows>
  <cols>4</cols>
  <dt>d</dt>
  <data>
     7.0455494856133505e-02  9.4387220837372554e-01 -3.2270927706572616e-01  -1.0920645044647678e+00
    -8.5288218561409124e-01  2.2477976986636314e-01  4.7123882747600015e-01   4.1303173061303600e-01
     5.1732774979379181e-01  2.4203162875651416e-01  8.2084876193776435e-01   2.9292761926120853e+00
    0. 0. 0. 1.</data></TransformationMatrix>
<ProjectionMatrix type_id="opencv-matrix">
  <rows>3</rows>
  <cols>4</cols>
  <dt>d</dt>
  <data>
    7.6774701428854041e+02 0. 4.1275976323752963e+02 0. 0.
    7.5786196376239582e+02 2.9186515886361138e+02 0. 0. 0. 1. 0.</data></ProjectionMatrix>
<width>800</width>
<height>600</height>
</opencv_storage>
