<?xml version="1.0"?>
<opencv_storage>
<TransformationMatrix type_id="opencv-matrix">
  <rows>4</rows>
  <cols>4</cols>
  <dt>d</dt>
  <data>
    9.9706440157096299e-01 -6.8111747502405673e-02
    3.4976691840509846e-02 -1.8849180560011664e-01
    5.3036948485809428e-02 9.4384708816308749e-01 3.2609777101564835e-01
    -1.0533117109183554e+00 -5.5223737787758000e-02
    -3.2328542190799320e-01 9.4468877137738838e-01
    5.1232300648892233e+00 0. 0. 0. 1.</data></TransformationMatrix>
<ProjectionMatrix type_id="opencv-matrix">
  <rows>3</rows>
  <cols>4</cols>
  <dt>d</dt>
  <data>
    7.6774701428854041e+02 0. 4.1275976323752963e+02 0. 0.
    7.5786196376239582e+02 2.9186515886361138e+02 0. 0. 0. 1. 0.</data></ProjectionMatrix>
<width>800</width>
<height>600</height>
</opencv_storage>
