<?xml version="1.0"?>
<opencv_storage>
<TransformationMatrix type_id="opencv-matrix">
  <rows>4</rows>
  <cols>4</cols>
  <dt>d</dt>
  <data>
    8.6652325306655442e-01 2.6531857537553805e-01 4.2278068245326755e-01
    -4.1104947742480147e-01 -1.4871710033692231e-01
    9.4579015820446211e-01 -2.8872859351120084e-01
    -1.0404287736075009e+00 -4.7646686764384094e-01
    1.8731532292974154e-01 8.5900657380103496e-01 4.3022699898801484e+00
    0. 0. 0. 1.</data></TransformationMatrix>
<ProjectionMatrix type_id="opencv-matrix">
  <rows>3</rows>
  <cols>4</cols>
  <dt>d</dt>
  <data>
    7.6774701428854041e+02 0. 4.1275976323752963e+02 0. 0.
    7.5786196376239582e+02 2.9186515886361138e+02 0. 0. 0. 1. 0.</data></ProjectionMatrix>
<width>800</width>
<height>600</height>
</opencv_storage>
