<?xml version="1.0"?>
<opencv_storage>
<TransformationMatrix type_id="opencv-matrix">
  <rows>4</rows>
  <cols>4</cols>
  <dt>d</dt>
  <data>
    9.9293396986683136e-01 -1.1791767155003602e-01
    -1.3324947306190809e-02 2.0725766707906043e-01
    7.6894688248026463e-02 7.2485762980603419e-01
    -6.8459376525879723e-01 -9.7540711572308636e-01
    9.0384392478645076e-02 6.7873178741546814e-01 7.2880300654434071e-01
    2.8575986132036477e+00 0. 0. 0. 1.</data></TransformationMatrix>
<ProjectionMatrix type_id="opencv-matrix">
  <rows>3</rows>
  <cols>4</cols>
  <dt>d</dt>
  <data>
    7.6774701428854041e+02 0. 4.1275976323752963e+02 0. 0.
    7.5786196376239582e+02 2.9186515886361138e+02 0. 0. 0. 1. 0.</data></ProjectionMatrix>
<width>800</width>
<height>600</height>
</opencv_storage>
